16.90
7.40
18.47
7.08
8.25
11.88
15.93
16.28
15.89
8.49
11.25
5.36
13.47
14.91
9.62
16.46
18.90
10.88
10.69
11.37
6.90
16.32
12.75
11.51
6.40
12.63
13.49
6.25
12.95
15.28
14.72
10.68
14.78
11.00
6.49
15.54
16.16
15.46
10.01
13.58
11.50
10.91
15.53
11.93
8.98
12.80
8.66
9.01
4.28
7.29
13.83
10.86
13.90
9.92
10.61
14.78
16.80
9.81
10.21
19.47
6.77
12.02
14.50
4.44
9.31
14.94
19.21
17.64
13.66
17.00
11.21
10.00
10.02
4.72
9.48
10.66
14.09
18.13
13.99
18.11
15.89
9.28
14.12
17.90
11.75
6.19
15.27
14.93
7.00
7.90
4.67
14.84
7.08
12.79
18.27
15.41
11.92
17.87
6.68
19.22
15.17
15.25
15.16
12.53
17.96
9.99
8.00
19.87
12.89
12.59
10.83
10.91
19.68
17.70
7.59
19.94
6.47
10.63
13.06
12.49
15.97
4.02
7.23
8.08
6.37
4.99
19.98
15.87
16.60
13.48
15.07
17.25
19.88
9.66
18.69
13.14
18.82
12.96
19.53
9.08
7.36
16.47
7.08
18.23
17.90
8.63
6.69
12.27
14.77
12.84
11.46
15.10
8.14
14.87
5.63
13.89
13.16
14.37
17.97
19.91
11.59
15.16
19.79
15.29
19.55
7.32
18.21
19.74
5.39
4.14
5.13
17.18
19.89
5.39
9.02
10.90
13.23
13.52
6.09
17.45
9.08
6.06
5.97
16.41
6.41
4.58
14.83
12.75
17.42
14.04
11.56
11.28
8.78
6.71
4.50
7.61
17.52
15.41
10.30
11.26
